2002
2015
2004
2004
2008
2012
2012
2001
2004
1985
2009
2008
2012
2013
2001
2013
2009
2011
1999
2009
1997
2003
2006
2013
2012
1999
2012
2012
2011
2009
2001 and 2006 and 2009 and 2010 are all listed
2004
2006
2007
2014
2002
none
2002
2003
2004
2006
November1st,2012
95
3.0
2001
2009
2006
January 1, 2007
2000
2006
2003
2009
2005, 2006
2002
2009
None
2004
2009
2007
2011
2012
2010
2000
2008
2010
July 2010
2007
2015
N/A
2005
1996
1998
2004
2008
2009
2010
2007
1996
2009
2011
2006
2012
2000
2014
2009
2003
2003
2010
2010
2012
July 24, 2013
2007
1998
2010
2009
2011
2014
1999
2010
2011
2009
none
2014
2012
2008
2009
August 2010
2011
1994
2000
2001
2004
2007
2009
2003
2005
1991
2001
2010
2011
2013
2014
2009
1998
2007
2012
2015
N/A
1999
1981
1998
2015
1997
2003
2011
2005
2007
2003
2003
Version 2003
2007
2009
2009
2009
2003
1999
2003
2005
2008
2010
2014
2001
2005
1994
2013
2013
1993
1992
1995
1998
2010
2013
2013
2015
No Label
2006
2010
2007
2009
2009
2010
